1648943179099 432809.6875 0
1648943207272 431663.96875 1
1648943235489 431668.96875 2
1648943263797 431492.65625 3
1648943292152 431393.875 4
1648943320338 431573.15625 5
1648943348495 431340.25 6
1648943376534 431255.0625 7
1648943404619 431228.5 8
1648943432751 431154.28125 9
1648943460772 431261.1875 10
1648943488809 431062.40625 11
1648943516910 431187.3125 12
1648943544919 430767.6875 13
1648943572874 431181.21875 14
1648943600688 430584.3125 15
1648943628802 431054.09375 16
1648943657104 431428.625 17
1648943685298 430767.34375 18
1648943713546 430721.84375 19
