1648943179099 24.354278564453125 0
1648943207272 21.741167068481445 1
1648943235489 20.902172088623047 2
1648943263797 20.440214157104492 3
1648943292152 20.128456115722656 4
1648943320338 19.935571670532227 5
1648943348495 19.795761108398438 6
1648943376534 19.697921752929688 7
1648943404619 19.64453887939453 8
1648943432751 19.5148983001709 9
1648943460772 19.312013626098633 10
1648943488809 19.37144660949707 11
1648943516910 19.297731399536133 12
1648943544919 19.116249084472656 13
1648943572874 19.152875900268555 14
1648943600688 19.02823829650879 15
1648943628802 18.892234802246094 16
1648943657104 18.858203887939453 17
1648943685298 18.71958351135254 18
1648943713546 18.69685935974121 19
