1648677270146 0.1812986433506012 0
1648677284155 0.23954279720783234 1
1648677298214 0.24768969416618347 2
1648677312263 0.256079763174057 3
1648677326387 0.2531614899635315 4
1648677340685 0.2598492205142975 5
1648677354889 0.2565661370754242 6
1648677369135 0.26094359159469604 7
1648677383367 0.2625243067741394 8
1648677397631 0.2622811198234558 9
1648677411866 0.2650778293609619 10
1648677426138 0.2632538974285126 11
1648677440533 0.26665857434272766 12
1648677454915 0.2695768475532532 13
1648677469307 0.27346789836883545 14
1648677483743 0.2744406759738922 15
1648677498184 0.27918288111686707 16
1648677512667 0.2784533202648163 17
1648677527055 0.2850194573402405 18
1648677541519 0.28550583124160767 19
