1648677270146 3.094031810760498 0
1648677284155 2.6412665843963623 1
1648677298214 2.5210235118865967 2
1648677312263 2.4744772911071777 3
1648677326387 2.476008176803589 4
1648677340685 2.441040277481079 5
1648677354889 2.428736686706543 6
1648677369135 2.404923439025879 7
1648677383367 2.4039883613586426 8
1648677397631 2.4484219551086426 9
1648677411866 2.3891360759735107 10
1648677426138 2.376004219055176 11
1648677440533 2.417590856552124 12
1648677454915 2.3702011108398438 13
1648677469307 2.450488567352295 14
1648677483743 2.3520865440368652 15
1648677498184 2.3872487545013428 16
1648677512667 2.314746141433716 17
1648677527055 2.307553291320801 18
1648677541519 2.3339009284973145 19
