1648949615100 0.6779459118843079 0
1648949672957 0.740545392036438 1
1648949731085 0.762340784072876 2
1648949788981 0.777401864528656 3
1648949847073 0.7764066457748413 4
1648949904782 0.7900411486625671 5
1648949962821 0.7878848314285278 6
1648950020630 0.8040074706077576 7
1648950078344 0.8071590065956116 8
1648950136092 0.8044387102127075 9
1648950193907 0.8210257887840271 10
1648950251925 0.8220210075378418 11
1648950309800 0.8132298588752747 12
1648950367570 0.8261346220970154 13
1648950425568 0.8320395946502686 14
1648950483343 0.8355560302734375 15
1648950541370 0.8361200094223022 16
1648950599256 0.8349921107292175 17
1648950657015 0.840034544467926 18
1648950714701 0.8395369052886963 19
