1648949615100 0.9334357380867004 0
1648949672957 0.6957857608795166 1
1648949731085 0.6246539354324341 2
1648949788981 0.5825468897819519 3
1648949847073 0.5784519910812378 4
1648949904782 0.5425759553909302 5
1648949962821 0.5382857918739319 6
1648950020630 0.50003981590271 7
1648950078344 0.5043846964836121 8
1648950136092 0.509074330329895 9
1648950193907 0.46496427059173584 10
1648950251925 0.45593446493148804 11
1648950309800 0.4846689701080322 12
1648950367570 0.44730639457702637 13
1648950425568 0.4350982904434204 14
1648950483343 0.43434080481529236 15
1648950541370 0.4155089259147644 16
1648950599256 0.424581378698349 17
1648950657015 0.40675675868988037 18
1648950714701 0.416035920381546 19
