1648950756677 0.7006804943084717 0
1648950770840 0.7196088433265686 1
1648950784974 0.7273718118667603 2
1648950799106 0.7342098355293274 3
1648950813225 0.7407835721969604 4
1648950827359 0.7480840086936951 5
1648950841488 0.7530060410499573 6
1648950855609 0.7562764286994934 7
1648950869735 0.7583906054496765 8
1648950883842 0.7606368660926819 9
1648950897976 0.7628501653671265 10
1648950912098 0.7652946710586548 11
1648950926235 0.7616609334945679 12
1648950940372 0.7637090086936951 13
1648950954496 0.7648982405662537 14
1648950968625 0.7658562064170837 15
1648950982742 0.766318678855896 16
1648950996862 0.7676400542259216 17
1648951010993 0.7664838433265686 18
1648951025110 0.7672436237335205 19
