1648950756677 0.8809844255447388 0
1648950770840 0.8144374489784241 1
1648950784974 0.761971116065979 2
1648950799106 0.7235899567604065 3
1648950813225 0.6852604746818542 4
1648950827359 0.6663415431976318 5
1648950841488 0.6461777091026306 6
1648950855609 0.6431532502174377 7
1648950869735 0.6261957287788391 8
1648950883842 0.6181430220603943 9
1648950897976 0.6153036952018738 10
1648950912098 0.6122278571128845 11
1648950926235 0.6105799674987793 12
1648950940372 0.607860803604126 13
1648950954496 0.6052899360656738 14
1648950968625 0.6086575388908386 15
1648950982742 0.6039555668830872 16
1648950996862 0.6024928092956543 17
1648951010993 0.6012678742408752 18
1648951025110 0.5999166965484619 19
