1648952291652 0.162329763174057 0
1648952306395 0.2160748988389969 1
1648952321050 0.2375972718000412 2
1648952335899 0.2435554414987564 3
1648952350903 0.24781128764152527 4
1648952365660 0.25145915150642395 5
1648952380482 0.2527966797351837 6
1648952395263 0.25462061166763306 7
1648952410094 0.25766050815582275 8
1648952424930 0.2624027132987976 9
1648952439705 0.26738813519477844 10
1648952454583 0.2714007794857025 11
1648952469388 0.26763132214546204 12
1648952484198 0.2692120671272278 13
1648952499094 0.2720087468624115 14
1648952513895 0.27346789836883545 15
1648952528764 0.27310311794281006 16
1648952543477 0.2782101035118103 17
1648952558400 0.2744406759738922 18
1648952573363 0.27322471141815186 19
