1648952291652 3.200582504272461 0
1648952306395 2.7136261463165283 1
1648952321050 2.5674350261688232 2
1648952335899 2.5576248168945312 3
1648952350903 2.474275588989258 4
1648952365660 2.450666904449463 5
1648952380482 2.4364287853240967 6
1648952395263 2.428764820098877 7
1648952410094 2.37678861618042 8
1648952424930 2.4186456203460693 9
1648952439705 2.3824734687805176 10
1648952454583 2.3998262882232666 11
1648952469388 2.402388572692871 12
1648952484198 2.372774600982666 13
1648952499094 2.364057779312134 14
1648952513895 2.3694229125976562 15
1648952528764 2.3850347995758057 16
1648952543477 2.353365659713745 17
1648952558400 2.372053861618042 18
1648952573363 2.35748553276062 19
