1648669727202 30.116220474243164 0
1648669741303 29.249372482299805 1
1648669755409 28.632423400878906 2
1648669769514 27.81339454650879 3
1648669783599 27.184099197387695 4
1648669797681 26.896806716918945 5
1648669811766 26.751266479492188 6
1648669825856 26.646394729614258 7
1648669839970 26.562103271484375 8
1648669854068 26.508926391601562 9
1648669868143 26.46327018737793 10
1648669882229 26.40304183959961 11
1648669896342 26.32553482055664 12
1648669910448 26.25428581237793 13
1648669924542 26.192058563232422 14
1648669938667 26.161962509155273 15
1648669952761 26.088573455810547 16
1648669966806 26.039169311523438 17
1648669980889 25.971561431884766 18
1648669994937 25.894832611083984 19
