1648669727202 636651.0 0
1648669741303 636546.375 1
1648669755409 636386.6875 2
1648669769514 636180.6875 3
1648669783599 635771.625 4
1648669797681 635523.125 5
1648669811766 635394.25 6
1648669825856 635306.4375 7
1648669839970 635240.5 8
1648669854068 635229.8125 9
1648669868143 635205.625 10
1648669882229 635179.4375 11
1648669896342 635186.25 12
1648669910448 635151.0625 13
1648669924542 635176.375 14
1648669938667 635150.625 15
1648669952761 635159.5625 16
1648669966806 635152.8125 17
1648669980889 635176.3125 18
1648669994937 635136.1875 19
