1648945207068 34.05525207519531 0
1648945241508 33.33688735961914 1
1648945276015 35.57334518432617 2
1648945310393 32.73624038696289 3
1648945344415 33.06976318359375 4
1648945378574 32.886112213134766 5
1648945412662 32.508766174316406 6
1648945446743 32.5614128112793 7
1648945480757 32.09382247924805 8
1648945514672 32.19025421142578 9
1648945548648 32.47795104980469 10
1648945582647 32.60359191894531 11
1648945616627 30.286026000976562 12
1648945650657 33.86302947998047 13
1648945684359 30.40802764892578 14
1648945718237 31.27067756652832 15
1648945752221 32.13020706176758 16
1648945786306 31.370311737060547 17
1648945820147 31.538087844848633 18
1648945854005 29.82515525817871 19
