1648945207068 597877.4375 0
1648945241508 597990.625 1
1648945276015 598372.0625 2
1648945310393 597767.6875 3
1648945344415 597781.0625 4
1648945378574 597897.125 5
1648945412662 597925.375 6
1648945446743 598085.75 7
1648945480757 597900.0625 8
1648945514672 597819.625 9
1648945548648 597801.4375 10
1648945582647 597828.875 11
1648945616627 597579.3125 12
1648945650657 597997.125 13
1648945684359 597584.75 14
1648945718237 597732.3125 15
1648945752221 597871.8125 16
1648945786306 597653.125 17
1648945820147 597452.6875 18
1648945854005 597663.625 19
