1648672872232 0.7484143376350403 0
1648672901862 0.7960821986198425 1
1648672931572 0.8049682974815369 2
1648672961188 0.812632143497467 3
1648672990841 0.8139204382896423 4
1648673020526 0.8140195608139038 5
1648673050208 0.815043568611145 6
1648673079886 0.8182478547096252 7
1648673109531 0.8201308250427246 8
1648673139236 0.819965660572052 9
1648673168878 0.8226083517074585 10
1648673198561 0.8240618109703064 11
1648673228254 0.8266054391860962 12
1648673257907 0.8297106027603149 13
1648673287582 0.8304703831672668 14
1648673317277 0.8306355476379395 15
1648673346953 0.8332121968269348 16
1648673376633 0.8327827453613281 17
1648673406289 0.8332452178001404 18
1648673435961 0.8372423052787781 19
