1648672872232 0.6825680136680603 0
1648672901862 0.5306491851806641 1
1648672931572 0.502496063709259 2
1648672961188 0.4875786304473877 3
1648672990841 0.48304662108421326 4
1648673020526 0.4768078923225403 5
1648673050208 0.47167083621025085 6
1648673079886 0.4621891379356384 7
1648673109531 0.4580218195915222 8
1648673139236 0.45097941160202026 9
1648673168878 0.4480142891407013 10
1648673198561 0.44345834851264954 11
1648673228254 0.4394243657588959 12
1648673257907 0.4338691532611847 13
1648673287582 0.43192726373672485 14
1648673317277 0.4248998761177063 15
1648673346953 0.42081451416015625 16
1648673376633 0.42100924253463745 17
1648673406289 0.41857317090034485 18
1648673435961 0.4079522490501404 19
