1648951052303 0.7094460725784302 0
1648951065323 0.7285866737365723 1
1648951078332 0.7395952343940735 2
1648951091335 0.7460582852363586 3
1648951104373 0.7506037354469299 4
1648951117387 0.7534446716308594 5
1648951130436 0.7561790347099304 6
1648951143474 0.7569602727890015 7
1648951156502 0.7591264843940735 8
1648951169512 0.7603693604469299 9
1648951182543 0.7606534361839294 10
1648951195564 0.7625710964202881 11
1648951208599 0.7639560103416443 12
1648951221627 0.7648082971572876 13
1648951234660 0.7639204859733582 14
1648951247694 0.7651989459991455 15
1648951260712 0.7665483355522156 16
1648951273744 0.7662642598152161 17
1648951286777 0.7662642598152161 18
1648951299793 0.7673650979995728 19
