1648951052303 0.8505793809890747 0
1648951065323 0.7565618753433228 1
1648951078332 0.7097288966178894 2
1648951091335 0.6900681257247925 3
1648951104373 0.6743844747543335 4
1648951117387 0.6614159941673279 5
1648951130436 0.6511181592941284 6
1648951143474 0.6464940905570984 7
1648951156502 0.6404419541358948 8
1648951169512 0.635879635810852 9
1648951182543 0.6313844323158264 10
1648951195564 0.6296942234039307 11
1648951208599 0.6264934539794922 12
1648951221627 0.6239092946052551 13
1648951234660 0.640555739402771 14
1648951247694 0.6168091297149658 15
1648951260712 0.6161664724349976 16
1648951273744 0.6141465902328491 17
1648951286777 0.6133037209510803 18
1648951299793 0.6108797192573547 19
