1648946174893 31.94257354736328 0
1648946186953 30.684083938598633 1
1648946199002 30.638397216796875 2
1648946211069 30.602523803710938 3
1648946223113 30.52726173400879 4
1648946235178 30.434886932373047 5
1648946247239 30.33604621887207 6
1648946259314 30.242843627929688 7
1648946271373 30.128597259521484 8
1648946283421 30.051240921020508 9
1648946295499 30.00222396850586 10
1648946307540 29.90485191345215 11
1648946319625 29.847665786743164 12
1648946331683 29.767175674438477 13
1648946343742 29.729290008544922 14
1648946355805 29.634620666503906 15
1648946367845 29.603729248046875 16
1648946379885 29.53166961669922 17
1648946391930 29.486385345458984 18
1648946403953 29.408302307128906 19
