1648946174893 684437.9375 0
1648946186953 684212.5625 1
1648946199002 684218.9375 2
1648946211069 684266.1875 3
1648946223113 684240.125 4
1648946235178 684227.875 5
1648946247239 684202.75 6
1648946259314 684200.0 7
1648946271373 684183.375 8
1648946283421 684174.0625 9
1648946295499 684207.0 10
1648946307540 684168.0625 11
1648946319625 684168.25 12
1648946331683 684151.75 13
1648946343742 684152.75 14
1648946355805 684120.9375 15
1648946367845 684139.8125 16
1648946379885 684111.625 17
1648946391930 684115.8125 18
1648946403953 684101.0 19
