1648934804139 0.04256930202245712 0
1648934947279 0.0367494598031044 1
1648935090512 0.03518375754356384 2
1648935233994 0.03373568877577782 3
1648935377076 0.03286466747522354 4
1648935519816 0.0317695178091526 5
1648935664185 0.0312135461717844 6
1648935807330 0.030752088874578476 7
1648935950096 0.0302883367985487 8
1648936092824 0.02993014082312584 9
1648936235547 0.02962849661707878 10
1648936378454 0.029005931690335274 11
1648936521221 0.028637543320655823 12
1648936664042 0.028232930228114128 13
1648936806845 0.02786768600344658 14
1648936950709 0.02726902812719345 15
1648937094343 0.02705317549407482 16
1648937238115 0.026716021820902824 17
1648937380900 0.026152268052101135 18
1648937523305 0.02592739276587963 19
