1648934804139 0.004541823640465736 0
1648934947279 0.0032880764920264482 1
1648935090512 0.0030739742796868086 2
1648935233994 0.0028944779187440872 3
1648935377076 0.002785242162644863 4
1648935519816 0.002662438666447997 5
1648935664185 0.0025856562424451113 6
1648935807330 0.0025040153414011 7
1648935950096 0.0024726283736526966 8
1648936092824 0.002406927989795804 9
1648936235547 0.0023516383953392506 10
1648936378454 0.0022757104597985744 11
1648936521221 0.0022196597419679165 12
1648936664042 0.0021637219469994307 13
1648936806845 0.002072935923933983 14
1648936950709 0.0020172379445284605 15
1648937094343 0.00197033048607409 16
1648937238115 0.001892085070721805 17
1648937380900 0.0018199605401605368 18
1648937523305 0.0017958574462682009 19
