1648667735889 641427.375 0
1648667797260 641948.75 1
1648667857962 641788.4375 2
1648667918287 641629.75 3
1648667977529 641624.5625 4
1648668035765 641830.1875 5
1648668093997 641621.1875 6
1648668152270 641609.6875 7
1648668210384 641414.625 8
1648668268589 641096.9375 9
1648668326846 641635.5625 10
1648668384912 641391.0 11
1648668441137 641214.0 12
1648668497481 640866.5 13
1648668553847 640524.5625 14
1648668609656 641182.125 15
1648668664777 641092.9375 16
1648668720199 640502.5 17
1648668775291 640997.625 18
1648668830657 641143.125 19
