1648667735889 33.71184158325195 0
1648667797260 34.987205505371094 1
1648667857962 34.117149353027344 2
1648667918287 34.09420394897461 3
1648667977529 33.25734329223633 4
1648668035765 34.10421371459961 5
1648668093997 32.923885345458984 6
1648668152270 32.82056427001953 7
1648668210384 32.79539489746094 8
1648668268589 31.145933151245117 9
1648668326846 32.840938568115234 10
1648668384912 33.379600524902344 11
1648668441137 33.28846740722656 12
1648668497481 33.304466247558594 13
1648668553847 33.71083068847656 14
1648668609656 32.4025764465332 15
1648668664777 32.72929763793945 16
1648668720199 31.682340621948242 17
1648668775291 30.976303100585938 18
1648668830657 34.203060150146484 19
