1648939020528 0.22735898196697235 0
1648939055594 0.05756836012005806 1
1648939090589 0.04911500960588455 2
1648939125485 0.0445898100733757 3
1648939160451 0.04143092781305313 4
1648939195477 0.03997155278921127 5
1648939230362 0.03811165690422058 6
1648939265202 0.03686952218413353 7
1648939299933 0.03585769236087799 8
1648939334870 0.03465128317475319 9
1648939369698 0.03443225845694542 10
1648939404423 0.03347761929035187 11
1648939439259 0.032910726964473724 12
1648939474069 0.03387316316366196 13
1648939508995 0.03240680694580078 14
1648939543895 0.030975429341197014 15
1648939578686 0.03112126886844635 16
1648939613441 0.03031396120786667 17
1648939648300 0.030167842283844948 18
1648939683287 0.029768966138362885 19
