1648939020528 0.643208920955658 0
1648939055594 0.009311581030488014 1
1648939090589 0.006402130704373121 2
1648939125485 0.006741002202033997 3
1648939160451 0.005307306535542011 4
1648939195477 0.0049979668110609055 5
1648939230362 0.004833780229091644 6
1648939265202 0.004527799319475889 7
1648939299933 0.004581907764077187 8
1648939334870 0.0046258773654699326 9
1648939369698 0.0046822139993309975 10
1648939404423 0.00404396140947938 11
1648939439259 0.00401364965364337 12
1648939474069 0.004722875542938709 13
1648939508995 0.003943065647035837 14
1648939543895 0.003725675167515874 15
1648939578686 0.0037708922754973173 16
1648939613441 0.003698665415868163 17
1648939648300 0.003698889398947358 18
1648939683287 0.0036081511061638594 19
