1648675985563 0.7087358236312866 0
1648675998641 0.7282670736312866 1
1648676011748 0.7404119968414307 2
1648676024855 0.7471946477890015 3
1648676037982 0.7503551840782166 4
1648676051106 0.752769947052002 5
1648676064203 0.755717396736145 6
1648676077327 0.7571023106575012 7
1648676090480 0.758842408657074 8
1648676103573 0.7612926959991455 9
1648676116704 0.7623224854469299 10
1648676129798 0.7620384097099304 11
1648676142922 0.7645596861839294 12
1648676156051 0.7648082971572876 13
1648676169181 0.7668324112892151 14
1648676182292 0.7662642598152161 15
1648676195437 0.7651989459991455 16
1648676208561 0.7676846981048584 17
1648676221685 0.7675781846046448 18
1648676234795 0.7682173848152161 19
