1648675985563 0.8455020189285278 0
1648675998641 0.7329195141792297 1
1648676011748 0.7182490825653076 2
1648676024855 0.6846166253089905 3
1648676037982 0.6690129041671753 4
1648676051106 0.6568117141723633 5
1648676064203 0.6470154523849487 6
1648676077327 0.6401262283325195 7
1648676090480 0.6349690556526184 8
1648676103573 0.6285721063613892 9
1648676116704 0.6254024505615234 10
1648676129798 0.6217719316482544 11
1648676142922 0.6182739734649658 12
1648676156051 0.6159102320671082 13
1648676169181 0.613304853439331 14
1648676182292 0.6104675531387329 15
1648676195437 0.6089972257614136 16
1648676208561 0.6065731048583984 17
1648676221685 0.6047824025154114 18
1648676234795 0.6039431691169739 19
