1648663705619 1.5659250020980835 0
1648663718876 2.0851802825927734 1
1648663732148 1.5622626543045044 2
1648663745404 1.704511284828186 3
1648663758679 0.6494342088699341 4
1648663771954 0.3048765957355499 5
1648663785198 0.03707282245159149 6
1648663798430 0.052399780601263046 7
1648663811661 0.0550609789788723 8
1648663824900 0.046576667577028275 9
1648663838157 0.021255308762192726 10
1648663851395 0.014788344502449036 11
1648663864648 0.07208096235990524 12
1648663877875 0.015224773436784744 13
1648663891109 0.012974798679351807 14
1648663904332 0.029551628977060318 15
1648663917573 0.031224260106682777 16
1648663930783 0.017275361344218254 17
1648663943991 0.08212445676326752 18
1648663957209 0.048216238617897034 19
