1648663705619 0.0718567743897438 0
1648663718876 0.06904073804616928 1
1648663732148 0.06544516235589981 2
1648663745404 0.06456021964550018 3
1648663758679 0.060091450810432434 4
1648663771954 0.057462215423583984 5
1648663785198 0.054238028824329376 6
1648663798430 0.05456991493701935 7
1648663811661 0.05457586050033569 8
1648663824900 0.05418965592980385 9
1648663838157 0.05387848615646362 10
1648663851395 0.05313391983509064 11
1648663864648 0.0542181096971035 12
1648663877875 0.05295504629611969 13
1648663891109 0.0529349148273468 14
1648663904332 0.05345544219017029 15
1648663917573 0.05321208015084267 16
1648663930783 0.05280105769634247 17
1648663943991 0.053487010300159454 18
1648663957209 0.05372636392712593 19
