1648940408247 25.773632049560547 0
1648940551722 23.939334869384766 1
1648940695223 23.628128051757812 2
1648940838665 23.26767349243164 3
1648940982222 23.00926971435547 4
1648941125730 22.801218032836914 5
1648941269495 22.688051223754883 6
1648941413265 22.459829330444336 7
1648941556814 22.389020919799805 8
1648941700419 22.179039001464844 9
1648941844090 22.100412368774414 10
1648941987814 21.9696102142334 11
1648942131421 21.837186813354492 12
1648942274968 21.76124382019043 13
1648942418554 21.640419006347656 14
1648942562220 21.50629234313965 15
1648942705873 21.37819480895996 16
1648942849461 21.192943572998047 17
1648942993042 21.07621955871582 18
1648943136720 20.982450485229492 19
