1648940408247 593817.5625 0
1648940551722 592254.375 1
1648940695223 592860.875 2
1648940838665 592843.5 3
1648940982222 592715.0 4
1648941125730 592491.0 5
1648941269495 592654.125 6
1648941413265 592402.6875 7
1648941556814 592479.4375 8
1648941700419 592570.625 9
1648941844090 592641.5 10
1648941987814 592450.25 11
1648942131421 592575.25 12
1648942274968 592226.6875 13
1648942418554 592600.125 14
1648942562220 592600.875 15
1648942705873 592107.75 16
1648942849461 592087.875 17
1648942993042 591419.75 18
1648943136720 591291.875 19
