1648943902537 36.616798400878906 0
1648943965089 35.71719741821289 1
1648944027651 36.174522399902344 2
1648944090259 35.90230941772461 3
1648944152874 34.86194610595703 4
1648944215522 33.56625747680664 5
1648944278181 35.78626251220703 6
1648944340735 33.302486419677734 7
1648944403181 32.75880432128906 8
1648944465749 33.95856857299805 9
1648944528480 34.13152313232422 10
1648944591191 31.896875381469727 11
1648944653979 31.708765029907227 12
1648944716625 32.23331832885742 13
1648944779263 33.00587844848633 14
1648944842129 34.58673858642578 15
1648944904591 32.36686325073242 16
1648944967223 32.222442626953125 17
1648945029796 32.06394577026367 18
1648945092297 31.69552993774414 19
