1648943902537 651516.5625 0
1648943965089 651248.3125 1
1648944027651 651476.4375 2
1648944090259 651384.75 3
1648944152874 651117.6875 4
1648944215522 649927.875 5
1648944278181 651297.0 6
1648944340735 650938.4375 7
1648944403181 651299.8125 8
1648944465749 651155.0625 9
1648944528480 650970.375 10
1648944591191 650352.875 11
1648944653979 650463.625 12
1648944716625 650901.8125 13
1648944779263 651228.4375 14
1648944842129 650589.0625 15
1648944904591 650809.875 16
1648944967223 650507.5625 17
1648945029796 650637.5 18
1648945092297 650734.5625 19
