1648676281869 0.20881782472133636 0
1648676322402 0.20990794897079468 1
1648676362946 0.21015019714832306 2
1648676403486 0.20990794897079468 3
1648676444041 0.2097868174314499 4
1648676484636 0.20990794897079468 5
1648676525179 0.2096657007932663 6
1648676565762 0.2096657007932663 7
1648676606366 0.2097868174314499 8
1648676646949 0.21002906560897827 9
1648676687532 0.2487887591123581 10
1648676728117 0.2749515473842621 11
1648676768693 0.30135658383369446 12
1648676809257 0.32739824056625366 13
1648676849811 0.34423449635505676 14
1648676890355 0.3584060072898865 15
1648676930904 0.3700339198112488 16
1648676971466 0.37063953280448914 17
1648677012043 0.37972384691238403 18
1648677052622 0.3884447515010834 19
