1648676281869 2.610348701477051 0
1648676322402 2.5153968334198 1
1648676362946 2.5115554332733154 2
1648676403486 2.510772705078125 3
1648676444041 2.509921073913574 4
1648676484636 2.5104477405548096 5
1648676525179 2.509523868560791 6
1648676565762 2.508873701095581 7
1648676606366 2.5081934928894043 8
1648676646949 2.5067639350891113 9
1648676687532 2.426164150238037 10
1648676728117 2.3225901126861572 11
1648676768693 2.216275691986084 12
1648676809257 2.117234468460083 13
1648676849811 2.031383514404297 14
1648676890355 1.965481162071228 15
1648676930904 1.9291692972183228 16
1648676971466 1.8947324752807617 17
1648677012043 1.8711992502212524 18
1648677052622 1.8479245901107788 19
