1648952854560 0.19151264429092407 0
1648952858386 0.21023832261562347 1
1648952862218 0.21133267879486084 2
1648952866050 0.21352140605449677 3
1648952869894 0.2129134237766266 4
1648952873720 0.21352140605449677 5
1648952877556 0.21364299952983856 6
1648952881401 0.21631810069084167 7
1648952885232 0.21814201772212982 8
1648952889071 0.21802042424678802 9
1648952892912 0.22033074498176575 10
1648952896747 0.2245865762233734 11
1648952900579 0.22738327085971832 12
1648952904403 0.23565174639225006 13
1648952908235 0.23625972867012024 14
1648952912067 0.23844844102859497 15
1648952915914 0.2436770498752594 16
1648952919758 0.24513618648052216 17
1648952923597 0.2465953379869461 18
1648952927425 0.24781128764152527 19
