1648952854560 2.691885471343994 0
1648952858386 2.4757373332977295 1
1648952862218 2.4613590240478516 2
1648952866050 2.4567935466766357 3
1648952869894 2.453029155731201 4
1648952873720 2.4517405033111572 5
1648952877556 2.449155569076538 6
1648952881401 2.446929931640625 7
1648952885232 2.444122314453125 8
1648952889071 2.441697597503662 9
1648952892912 2.4376580715179443 10
1648952896747 2.4320261478424072 11
1648952900579 2.431758403778076 12
1648952904403 2.426051378250122 13
1648952908235 2.4221010208129883 14
1648952912067 2.416584014892578 15
1648952915914 2.409882068634033 16
1648952919758 2.4068942070007324 17
1648952923597 2.399104595184326 18
1648952927425 2.395042896270752 19
