1648662673854 0.34707942605018616 0
1648662710563 0.023629194125533104 1
1648662747274 0.007219421677291393 2
1648662784028 0.007286963984370232 3
1648662820903 0.007114017847925425 4
1648662857684 0.004835248924791813 5
1648662894450 0.004711735527962446 6
1648662931254 0.004472612403333187 7
1648662968064 0.00441322335973382 8
1648663004901 0.004777213558554649 9
1648663041759 0.004158427938818932 10
1648663078497 0.004163860343396664 11
1648663115282 0.07362213730812073 12
1648663152018 0.004069700371474028 13
1648663188839 0.004015362821519375 14
1648663225775 0.004329112824052572 15
1648663262609 0.003935967572033405 16
1648663299625 0.00396390538662672 17
1648663336712 0.003963765222579241 18
1648663373883 0.00396537221968174 19
