1648662673854 0.14633840322494507 0
1648662710563 0.05362802743911743 1
1648662747274 0.04701362922787666 2
1648662784028 0.04423918202519417 3
1648662820903 0.04151320084929466 4
1648662857684 0.0390094593167305 5
1648662894450 0.03745351731777191 6
1648662931254 0.035869404673576355 7
1648662968064 0.03514065220952034 8
1648663004901 0.034146878868341446 9
1648663041759 0.033306121826171875 10
1648663078497 0.032667145133018494 11
1648663115282 0.03389090299606323 12
1648663152018 0.03220449388027191 13
1648663188839 0.03206872567534447 14
1648663225775 0.031683504581451416 15
1648663262609 0.03132785111665726 16
1648663299625 0.03123702108860016 17
1648663336712 0.03086720034480095 18
1648663373883 0.03097541444003582 19
