1649073716593 0.006096730940043926 0
1649073739230 0.0030380645766854286 1
1649073761817 0.0025400598533451557 2
1649073784423 0.002206997713074088 3
1649073807010 0.002197851659730077 4
1649073829595 0.002066814573481679 5
1649073852244 0.0020023987162858248 6
1649073874734 0.0019938109908252954 7
1649073897228 0.0019729635678231716 8
1649073919745 0.0018825200386345387 9
1649073942209 0.0018513172399252653 10
1649073964652 0.001820946461521089 11
1649073987103 0.0017545378068462014 12
1649074009597 0.0017740816110745072 13
1649074032014 0.0017294109566137195 14
1649074054608 0.0017171937506645918 15
1649074077193 0.0016662812558934093 16
1649074099644 0.0016489059198647738 17
1649074122112 0.0016372138634324074 18
1649074144527 0.0015806318260729313 19
