1649073716593 0.04990203678607941 0
1649073739230 0.035923853516578674 1
1649073761817 0.03233062103390694 2
1649073784423 0.029367201030254364 3
1649073807010 0.029295403510332108 4
1649073829595 0.027927590534090996 5
1649073852244 0.02732599526643753 6
1649073874734 0.027384556829929352 7
1649073897228 0.027123134583234787 8
1649073919745 0.026383766904473305 9
1649073942209 0.02621152065694332 10
1649073964652 0.02585538662970066 11
1649073987103 0.025274524465203285 12
1649074009597 0.02564181573688984 13
1649074032014 0.025137465447187424 14
1649074054608 0.025206610560417175 15
1649074077193 0.024654854089021683 16
1649074099644 0.02472272515296936 17
1649074122112 0.02466718852519989 18
1649074144527 0.024349408224225044 19
