1648945886796 487992.1875 0
1648945900575 487839.3125 1
1648945914360 487538.9375 2
1648945928154 487175.53125 3
1648945941919 486966.0 4
1648945955700 486869.59375 5
1648945969487 486809.4375 6
1648945983267 486739.59375 7
1648945997044 486714.5 8
1648946010834 486690.28125 9
1648946024613 486664.875 10
1648946038394 486689.46875 11
1648946052175 486626.125 12
1648946065934 486649.78125 13
1648946079703 486618.03125 14
1648946093502 474322.59375 15
1648946107308 486540.8125 16
1648946121076 486610.375 17
1648946134862 486553.90625 18
1648946148627 486568.9375 19
