1648945886796 28.853670120239258 0
1648945900575 28.083316802978516 1
1648945914360 27.11324691772461 2
1648945928154 26.060335159301758 3
1648945941919 25.703561782836914 4
1648945955700 25.51350975036621 5
1648945969487 25.352323532104492 6
1648945983267 25.281400680541992 7
1648945997044 25.198944091796875 8
1648946010834 25.135662078857422 9
1648946024613 25.06938934326172 10
1648946038394 25.03555679321289 11
1648946052175 24.9477596282959 12
1648946065934 24.899131774902344 13
1648946079703 24.83555793762207 14
1648946093502 24.122108459472656 15
1648946107308 24.7021484375 16
1648946121076 24.676979064941406 17
1648946134862 24.59354591369629 18
1648946148627 24.568696975708008 19
