1648677831301 0.1969844400882721 0
1648677835146 0.2154669314622879 1
1648677838998 0.21716925501823425 2
1648677842841 0.21680447459220886 3
1648677846688 0.21643969416618347 4
1648677850525 0.21692606806755066 5
1648677854373 0.21716925501823425 6
1648677858218 0.2188715934753418 7
1648677862060 0.2185068130493164 8
1648677865914 0.22106030583381653 9
1648677869760 0.2250729501247406 10
1648677873605 0.22568093240261078 11
1648677877453 0.22993676364421844 12
1648677881302 0.23188228905200958 13
1648677885140 0.2313959151506424 14
1648677888988 0.23796206712722778 15
1648677892838 0.23857003450393677 16
1648677896674 0.2435554414987564 17
1648677900517 0.24428501725196838 18
1648677904361 0.24562257528305054 19
