1648677831301 2.7079572677612305 0
1648677835146 2.4737744331359863 1
1648677838998 2.457868814468384 2
1648677842841 2.4532506465911865 3
1648677846688 2.4496564865112305 4
1648677850525 2.448268413543701 5
1648677854373 2.4463860988616943 6
1648677858218 2.4450201988220215 7
1648677862060 2.443770408630371 8
1648677865914 2.441483974456787 9
1648677869760 2.4411537647247314 10
1648677873605 2.4393224716186523 11
1648677877453 2.4377098083496094 12
1648677881302 2.4351494312286377 13
1648677885140 2.4319467544555664 14
1648677888988 2.4286348819732666 15
1648677892838 2.425389289855957 16
1648677896674 2.420027494430542 17
1648677900517 2.415635824203491 18
1648677904361 2.40956711769104 19
