1648661392224 4.157803535461426 0
1648661454815 0.037928737699985504 1
1648661517009 0.006098045501857996 2
1648661578926 0.008749410510063171 3
1648661640493 0.005215651821345091 4
1648661701971 0.004888332914561033 5
1648661763273 0.00472343759611249 6
1648661824622 0.00474518584087491 7
1648661886018 0.004421592690050602 8
1648661947285 0.004461308009922504 9
1648662008411 0.0043413396924734116 10
1648662069722 0.005653098225593567 11
1648662130949 0.004028248600661755 12
1648662192300 0.004199714865535498 13
1648662253536 0.003932006657123566 14
1648662314622 0.003996658138930798 15
1648662375780 0.0038513652980327606 16
1648662436983 0.014315891079604626 17
1648662498221 0.003858316456899047 18
1648662559486 0.0037533820141106844 19
