1648661392224 0.3914085924625397 0
1648661454815 0.05571184307336807 1
1648661517009 0.046900104731321335 2
1648661578926 0.044880013912916183 3
1648661640493 0.04268756881356239 4
1648661701971 0.04058931767940521 5
1648661763273 0.039542678743600845 6
1648661824622 0.03845781087875366 7
1648661886018 0.03763975575566292 8
1648661947285 0.037017956376075745 9
1648662008411 0.03572560101747513 10
1648662069722 0.03497574105858803 11
1648662130949 0.03411465138196945 12
1648662192300 0.03357882797718048 13
1648662253536 0.033117860555648804 14
1648662314622 0.03286447748541832 15
1648662375780 0.03242546319961548 16
1648662436983 0.033576034009456635 17
1648662498221 0.031797051429748535 18
1648662559486 0.0315859317779541 19
