1648677067900 0.21160368621349335 0
1648677076024 0.24975775182247162 1
1648677084159 0.26514050364494324 2
1648677092293 0.30559593439102173 3
1648677100435 0.33769381046295166 4
1648677108569 0.3528343141078949 5
1648677116720 0.369549423456192 6
1648677124863 0.38081395626068115 7
1648677133018 0.38626453280448914 8
1648677141233 0.40419089794158936 9
1648677149387 0.4064922332763672 10
1648677157551 0.4086724817752838 11
1648677165709 0.4182412922382355 12
1648677173850 0.4233284890651703 13
1648677182019 0.4280523359775543 14
1648677190177 0.4335029125213623 15
1648677198330 0.43047481775283813 16
1648677206483 0.44089147448539734 17
1648677214631 0.4425871968269348 18
1648677222812 0.44622093439102173 19
