1648677067900 2.6022422313690186 0
1648677076024 2.402949094772339 1
1648677084159 2.304412603378296 2
1648677092293 2.192497491836548 3
1648677100435 2.0590457916259766 4
1648677108569 1.9990981817245483 5
1648677116720 1.9340012073516846 6
1648677124863 1.894582986831665 7
1648677133018 1.8578152656555176 8
1648677141233 1.8188998699188232 9
1648677149387 1.804517388343811 10
1648677157551 1.7836804389953613 11
1648677165709 1.7618377208709717 12
1648677173850 1.743693470954895 13
1648677182019 1.7153500318527222 14
1648677190177 1.7003746032714844 15
1648677198330 1.6964592933654785 16
1648677206483 1.675109624862671 17
1648677214631 1.6542799472808838 18
1648677222812 1.640942931175232 19
