1648663408073 0.22201915085315704 0
1648663422272 1.0540000200271606 1
1648663436498 0.7032409310340881 2
1648663450706 0.5336608290672302 3
1648663464936 0.4917936325073242 4
1648663479127 0.5945449471473694 5
1648663493316 0.8200357556343079 6
1648663507537 0.7964104413986206 7
1648663521743 0.9875452518463135 8
1648663535967 0.774838387966156 9
1648663550174 0.5509451031684875 10
1648663564386 0.5184012055397034 11
1648663578592 0.5997828841209412 12
1648663592799 0.5195469260215759 13
1648663607008 0.4611670672893524 14
1648663621216 0.38472452759742737 15
1648663635426 0.2771967351436615 16
1648663649651 0.3443467319011688 17
1648663663857 0.2561192810535431 18
1648663678054 0.2843363583087921 19
