1648663408073 0.04918224364519119 0
1648663422272 0.04952426627278328 1
1648663436498 0.04660908132791519 2
1648663450706 0.04526200518012047 3
1648663464936 0.044406067579984665 4
1648663479127 0.04457229748368263 5
1648663493316 0.045365702360868454 6
1648663507537 0.044799622148275375 7
1648663521743 0.044745877385139465 8
1648663535967 0.04331810027360916 9
1648663550174 0.04228241741657257 10
1648663564386 0.04187465086579323 11
1648663578592 0.041781216859817505 12
1648663592799 0.04077283293008804 13
1648663607008 0.04045693203806877 14
1648663621216 0.03966473042964935 15
1648663635426 0.03869687393307686 16
1648663649651 0.03927047550678253 17
1648663663857 0.03861350938677788 18
1648663678054 0.038503047078847885 19
