1648948907840 0.7263808250427246 0
1648948935886 0.7937698364257812 1
1648948963956 0.8056949973106384 2
1648948992030 0.8095600008964539 3
1648949020272 0.8152748346328735 4
1648949048396 0.8163649439811707 5
1648949076433 0.817223846912384 6
1648949104511 0.8199986815452576 7
1648949132603 0.8206263184547424 8
1648949160630 0.8209566473960876 9
1648949188631 0.8241609334945679 10
1648949216688 0.8232029676437378 11
1648949244753 0.826407253742218 12
1648949272762 0.8257465362548828 13
1648949300791 0.8262090086936951 14
1648949328896 0.8268366456031799 15
1648949356910 0.8287196159362793 16
1648949384950 0.8301070332527161 17
1648949412956 0.8347647786140442 18
1648949440988 0.8323863744735718 19
