1648948907840 0.7278826832771301 0
1648948935886 0.5337346792221069 1
1648948963956 0.5017794966697693 2
1648948992030 0.4893095791339874 3
1648949020272 0.4791185259819031 4
1648949048396 0.4733630418777466 5
1648949076433 0.46880900859832764 6
1648949104511 0.4636324644088745 7
1648949132603 0.45968571305274963 8
1648949160630 0.45352065563201904 9
1648949188631 0.44857144355773926 10
1648949216688 0.4442715346813202 11
1648949244753 0.44014036655426025 12
1648949272762 0.439087837934494 13
1648949300791 0.4375078082084656 14
1648949328896 0.43089011311531067 15
1648949356910 0.42926859855651855 16
1648949384950 0.42257454991340637 17
1648949412956 0.4205581247806549 18
1648949440988 0.42140644788742065 19
