1648664112746 24.223827362060547 0
1648664261470 21.913349151611328 1
1648664410207 21.586923599243164 2
1648664558842 21.31616973876953 3
1648664707599 21.166650772094727 4
1648664856289 20.949432373046875 5
1648665005093 20.784284591674805 6
1648665153765 20.671749114990234 7
1648665302459 20.5439395904541 8
1648665451154 20.289188385009766 9
1648665599849 20.249237060546875 10
1648665748472 20.069149017333984 11
1648665897197 19.988834381103516 12
1648666045856 19.849651336669922 13
1648666194572 19.707275390625 14
1648666343323 19.606220245361328 15
1648666492057 19.39321517944336 16
1648666640750 19.371177673339844 17
1648666789494 19.114675521850586 18
1648666938189 18.9370174407959 19
