1648664112746 235885.03125 0
1648664261470 235346.4375 1
1648664410207 235270.828125 2
1648664558842 235237.59375 3
1648664707599 235157.21875 4
1648664856289 235227.6875 5
1648665005093 235090.953125 6
1648665153765 235146.484375 7
1648665302459 235005.171875 8
1648665451154 235027.40625 9
1648665599849 234985.40625 10
1648665748472 234929.140625 11
1648665897197 234949.203125 12
1648666045856 234969.625 13
1648666194572 234961.421875 14
1648666343323 234843.734375 15
1648666492057 234790.84375 16
1648666640750 234850.921875 17
1648666789494 234675.609375 18
1648666938189 234736.53125 19
