1648673626287 0.6749933958053589 0
1648673689739 0.7362991571426392 1
1648673753295 0.7534832954406738 2
1648673816900 0.7676486372947693 3
1648673880083 0.7800226211547852 4
1648673943051 0.7906383275985718 5
1648674006033 0.7961452007293701 6
1648674068925 0.7949177622795105 7
1648674131865 0.8136611580848694 8
1648674194791 0.8096470832824707 9
1648674257507 0.8177415728569031 10
1648674320338 0.8250398635864258 11
1648674383005 0.827793300151825 12
1648674445790 0.8325371742248535 13
1648674508560 0.8369825482368469 14
1648674571112 0.8426553010940552 15
1648674633719 0.8430202007293701 16
1648674696384 0.8440154194831848 17
1648674759329 0.8457404971122742 18
1648674822934 0.8481621742248535 19
