1648673626287 0.9643819332122803 0
1648673689739 0.7027378082275391 1
1648673753295 0.6434391736984253 2
1648673816900 0.5992928743362427 3
1648673880083 0.5631038546562195 4
1648673943051 0.542494535446167 5
1648674006033 0.5211358070373535 6
1648674068925 0.5155619978904724 7
1648674131865 0.47283726930618286 8
1648674194791 0.48280227184295654 9
1648674257507 0.46018412709236145 10
1648674320338 0.4464528262615204 11
1648674383005 0.43839967250823975 12
1648674445790 0.4293029308319092 13
1648674508560 0.416639506816864 14
1648674571112 0.4010782241821289 15
1648674633719 0.401684045791626 16
1648674696384 0.396167516708374 17
1648674759329 0.390889048576355 18
1648674822934 0.3881854712963104 19
