1648951345180 0.2120881825685501 0
1648951383945 0.21293604373931885 1
1648951422759 0.21269379556179047 2
1648951461557 0.21281492710113525 3
1648951500348 0.21984010934829712 4
1648951539147 0.2555716931819916 5
1648951577964 0.2982073724269867 6
1648951616758 0.32340115308761597 7
1648951655544 0.35876938700675964 8
1648951694353 0.37306201457977295 9
1648951733163 0.39401647448539734 10
1648951771966 0.4114583432674408 11
1648951810788 0.4153343141078949 12
1648951849607 0.41739341616630554 13
1648951888438 0.41993701457977295 14
1648951927278 0.4372577369213104 15
1648951966119 0.44561532139778137 16
1648952004950 0.4463420510292053 17
1648952043757 0.4586966931819916 18
1648952082627 0.45518410205841064 19
