1648951345180 2.579746961593628 0
1648951383945 2.5159976482391357 1
1648951422759 2.5149409770965576 2
1648951461557 2.5161077976226807 3
1648951500348 2.481053590774536 4
1648951539147 2.3636512756347656 5
1648951577964 2.217517137527466 6
1648951616758 2.085966110229492 7
1648951655544 1.9745440483093262 8
1648951694353 1.9020909070968628 9
1648951733163 1.852928638458252 10
1648951771966 1.8150819540023804 11
1648951810788 1.7752541303634644 12
1648951849607 1.7516077756881714 13
1648951888438 1.7364580631256104 14
1648951927278 1.699903130531311 15
1648951966119 1.675887107849121 16
1648952004950 1.6667286157608032 17
1648952043757 1.6329584121704102 18
1648952082627 1.634037971496582 19
