1648677572737 0.20482073724269867 0
1648677581237 0.23025678098201752 1
1648677589778 0.2332848757505417 2
1648677598382 0.2371608465909958 3
1648677606879 0.24975775182247162 4
1648677615585 0.25702518224716187 5
1648677624103 0.2577519416809082 6
1648677632611 0.2592054307460785 7
1648677641039 0.27289244532585144 8
1648677649641 0.2693798542022705 9
1648677658185 0.2720445692539215 10
1648677666832 0.2810077369213104 11
1648677675377 0.28185561299324036 12
1648677683843 0.2787064015865326 13
1648677692258 0.2825823724269867 14
1648677700840 0.2862160801887512 15
1648677709340 0.2868216931819916 16
1648677717812 0.2864583432674408 17
1648677726457 0.2880329489707947 18
1648677734938 0.2939680218696594 19
