1648677572737 2.799652338027954 0
1648677581237 2.5573737621307373 1
1648677589778 2.4876692295074463 2
1648677598382 2.4229493141174316 3
1648677606879 2.386240005493164 4
1648677615585 2.3728277683258057 5
1648677624103 2.333451986312866 6
1648677632611 2.317025661468506 7
1648677641039 2.2983591556549072 8
1648677649641 2.2901947498321533 9
1648677658185 2.26898193359375 10
1648677666832 2.2571325302124023 11
1648677675377 2.245588541030884 12
1648677683843 2.2295565605163574 13
1648677692258 2.2314703464508057 14
1648677700840 2.21366286277771 15
1648677709340 2.2280726432800293 16
1648677717812 2.1901888847351074 17
1648677726457 2.2048778533935547 18
1648677734938 2.1817257404327393 19
