1648677746666 0.19876453280448914 0
1648677750558 0.20748546719551086 1
1648677754460 0.20772771537303925 2
1648677758359 0.20796996355056763 3
1648677762260 0.20796996355056763 4
1648677766165 0.2097868174314499 5
1648677770064 0.21111918985843658 6
1648677773958 0.2148740291595459 7
1648677777851 0.2202034890651703 8
1648677781745 0.22504845261573792 9
1648677785626 0.2291666716337204 10
1648677789523 0.23122577369213104 11
1648677793407 0.234375 12
1648677797312 0.23401162028312683 13
1648677801213 0.2357073575258255 14
1648677805115 0.23485949635505676 15
1648677809012 0.23800872266292572 16
1648677812920 0.23934108018875122 17
1648677816826 0.23885658383369446 18
1648677820732 0.23934108018875122 19
