1648677746666 2.6762630939483643 0
1648677750558 2.504528760910034 1
1648677754460 2.488048553466797 2
1648677758359 2.4775917530059814 3
1648677762260 2.4649314880371094 4
1648677766165 2.452177047729492 5
1648677770064 2.439544677734375 6
1648677773958 2.428915500640869 7
1648677777851 2.420048713684082 8
1648677781745 2.4146883487701416 9
1648677785626 2.408205270767212 10
1648677789523 2.4038245677948 11
1648677793407 2.4013612270355225 12
1648677797312 2.397865056991577 13
1648677801213 2.394287347793579 14
1648677805115 2.392732620239258 15
1648677809012 2.3897106647491455 16
1648677812920 2.388507843017578 17
1648677816826 2.384420871734619 18
1648677820732 2.3844199180603027 19
