1648657877612 0.0437399223446846 0
1648658026717 0.03697836771607399 1
1648658174765 0.035889457911252975 2
1648658322872 0.034888286143541336 3
1648658470766 0.03407172113656998 4
1648658618709 0.03311893343925476 5
1648658766733 0.03247641772031784 6
1648658914660 0.03174344822764397 7
1648659062602 0.03094719536602497 8
1648659210654 0.03036690689623356 9
1648659358623 0.02986716665327549 10
1648659506560 0.029320411384105682 11
1648659654517 0.028773147612810135 12
1648659802592 0.02824629470705986 13
1648659950467 0.0279068723320961 14
1648660098435 0.027492061257362366 15
1648660246343 0.027041342109441757 16
1648660394177 0.02661551721394062 17
1648660542036 0.026288336142897606 18
1648660690021 0.025814974680542946 19
