1648657877612 0.004808757919818163 0
1648658026717 0.003334814216941595 1
1648658174765 0.003153656143695116 2
1648658322872 0.003014284884557128 3
1648658470766 0.002878412837162614 4
1648658618709 0.002777910092845559 5
1648658766733 0.002681627869606018 6
1648658914660 0.0026045648846775293 7
1648659062602 0.0025128149427473545 8
1648659210654 0.0024245933163911104 9
1648659358623 0.0024017789401113987 10
1648659506560 0.0023146935272961855 11
1648659654517 0.0022456657607108355 12
1648659802592 0.0021590914111584425 13
1648659950467 0.002120062243193388 14
1648660098435 0.0020605369936674833 15
1648660246343 0.001992472680285573 16
1648660394177 0.001946451491676271 17
1648660542036 0.0018481698352843523 18
1648660690021 0.0017864747205749154 19
