1648668945032 221587.40625 0
1648668984163 221384.671875 1
1648669023266 221633.40625 2
1648669062652 221311.234375 3
1648669102001 221278.109375 4
1648669141435 221277.640625 5
1648669180727 221310.734375 6
1648669220070 221026.453125 7
1648669259545 221341.921875 8
1648669298803 221157.28125 9
1648669338187 221189.453125 10
1648669377436 220964.8125 11
1648669416736 220777.234375 12
1648669456137 221201.640625 13
1648669495541 221040.203125 14
1648669534671 221055.734375 15
1648669574060 221046.765625 16
1648669613499 221356.03125 17
1648669653023 221000.921875 18
1648669692458 221399.4375 19
