1648668945032 29.246681213378906 0
1648668984163 28.85746955871582 1
1648669023266 29.404647827148438 2
1648669062652 28.30898666381836 3
1648669102001 27.35811996459961 4
1648669141435 27.749910354614258 5
1648669180727 26.55424690246582 6
1648669220070 27.46469497680664 7
1648669259545 26.603422164916992 8
1648669298803 26.358427047729492 9
1648669338187 26.408926010131836 10
1648669377436 27.001970291137695 11
1648669416736 27.322107315063477 12
1648669456137 26.65645980834961 13
1648669495541 25.8293514251709 14
1648669534671 25.481176376342773 15
1648669574060 25.480247497558594 16
1648669613499 26.61134910583496 17
1648669653023 25.83357048034668 18
1648669692458 25.534448623657227 19
