1648952604806 0.2163275182247162 0
1648952612903 0.22965116798877716 1
1648952621018 0.2344961166381836 2
1648952629229 0.24830426275730133 3
1648952637301 0.2561773359775543 4
1648952645334 0.262839138507843 5
1648952653350 0.26635172963142395 6
1648952661408 0.2704699635505676 7
1648952669562 0.2732558250427246 8
1648952677613 0.27810078859329224 9
1648952685840 0.2800387442111969 10
1648952693898 0.2828246057033539 11
1648952701978 0.2932412922382355 12
1648952709941 0.2906976640224457 13
1648952717999 0.29239341616630554 14
1648952726023 0.30111435055732727 15
1648952734198 0.3018410801887512 16
1648952742375 0.3045058250427246 17
1648952750431 0.3032945692539215 18
1648952758436 0.30680716037750244 19
