1648952604806 2.80378794670105 0
1648952612903 2.541929244995117 1
1648952621018 2.45627760887146 2
1648952629229 2.403914451599121 3
1648952637301 2.3727009296417236 4
1648952645334 2.343195676803589 5
1648952653350 2.3146936893463135 6
1648952661408 2.3021228313446045 7
1648952669562 2.283421039581299 8
1648952677613 2.2738938331604004 9
1648952685840 2.2596018314361572 10
1648952693898 2.225959539413452 11
1648952701978 2.2251029014587402 12
1648952709941 2.219224452972412 13
1648952717999 2.20316219329834 14
1648952726023 2.1897785663604736 15
1648952734198 2.186140775680542 16
1648952742375 2.1710681915283203 17
1648952750431 2.173478841781616 18
1648952758436 2.1602487564086914 19
