1648674962463 0.6940353512763977 0
1648674998698 0.7146364450454712 1
1648675034976 0.7348394989967346 2
1648675071281 0.7541468143463135 3
1648675107490 0.7734873294830322 4
1648675143814 0.7773023247718811 5
1648675180093 0.787155032157898 6
1648675216374 0.793159544467926 7
1648675252808 0.7976380586624146 8
1648675289093 0.7987659573554993 9
1648675325406 0.8082537651062012 10
1648675361887 0.8128317594528198 11
1648675398343 0.8189358115196228 12
1648675434769 0.8188694715499878 13
1648675471222 0.821058988571167 14
1648675507612 0.8298500776290894 15
1648675543995 0.8261677622795105 16
1648675580619 0.8281581997871399 17
1648675617127 0.8328025937080383 18
1648675653743 0.833598792552948 19
