1648674962463 0.8357754349708557 0
1648674998698 0.7281919717788696 1
1648675034976 0.6682910919189453 2
1648675071281 0.6116357445716858 3
1648675107490 0.5728632807731628 4
1648675143814 0.5616652965545654 5
1648675180093 0.5337831377983093 6
1648675216374 0.517825186252594 7
1648675252808 0.5089361071586609 8
1648675289093 0.5051597356796265 9
1648675325406 0.4885661005973816 10
1648675361887 0.4738943874835968 11
1648675398343 0.4573878049850464 12
1648675434769 0.45716390013694763 13
1648675471222 0.456321120262146 14
1648675507612 0.43257492780685425 15
1648675543995 0.4434475302696228 16
1648675580619 0.4436251223087311 17
1648675617127 0.42317861318588257 18
1648675653743 0.4194309711456299 19
