1648978925566 0.6913150548934937 0
1648978964926 0.7410430312156677 1
1648979003739 0.74930340051651 2
1648979043088 0.7706674933433533 3
1648979081814 0.781050980091095 4
1648979121210 0.7858612537384033 5
1648979160428 0.7904061079025269 6
1648979199667 0.8040074706077576 7
1648979238498 0.8043392300605774 8
1648979277804 0.8098461031913757 9
1648979316332 0.8131635189056396 10
1648979355508 0.8176088333129883 11
1648979394641 0.8219546675682068 12
1648979433101 0.8233479857444763 13
1648979472232 0.8192012310028076 14
1648979510585 0.8269971013069153 15
1648979549883 0.8320395946502686 16
1648979589015 0.8309780359268188 17
1648979628057 0.8345608115196228 18
1648979667264 0.8358545899391174 19
