1648978925566 0.8353230953216553 0
1648978964926 0.675777018070221 1
1648979003739 0.650433361530304 2
1648979043088 0.5834001898765564 3
1648979081814 0.5521355271339417 4
1648979121210 0.5479763150215149 5
1648979160428 0.5284453630447388 6
1648979199667 0.4954149127006531 7
1648979238498 0.504447340965271 8
1648979277804 0.48298513889312744 9
1648979316332 0.4746813178062439 10
1648979355508 0.47164100408554077 11
1648979394641 0.4514898955821991 12
1648979433101 0.4497469961643219 13
1648979472232 0.4600464701652527 14
1648979510585 0.44444623589515686 15
1648979549883 0.4321059286594391 16
1648979589015 0.43389493227005005 17
1648979628057 0.4210878908634186 18
1648979667264 0.4187849760055542 19
