1648670021269 687592.625 0
1648670033233 687328.6875 1
1648670045175 687318.375 2
1648670057153 687328.9375 3
1648670069126 687359.875 4
1648670081082 687342.375 5
1648670093031 687316.0625 6
1648670104982 687290.8125 7
1648670116925 687276.1875 8
1648670128905 687288.625 9
1648670140891 687270.9375 10
1648670152863 687272.3125 11
1648670164823 687255.1875 12
1648670176765 687247.3125 13
1648670188728 687237.5 14
1648670200693 687237.125 15
1648670212638 687241.875 16
1648670224608 687229.0625 17
1648670236561 687199.625 18
1648670248522 687198.9375 19
