1648670021269 32.67347717285156 0
1648670033233 31.2751407623291 1
1648670045175 31.214982986450195 2
1648670057153 31.133651733398438 3
1648670069126 31.034944534301758 4
1648670081082 30.942134857177734 5
1648670093031 30.842737197875977 6
1648670104982 30.743722915649414 7
1648670116925 30.65782356262207 8
1648670128905 30.59328842163086 9
1648670140891 30.505830764770508 10
1648670152863 30.447219848632812 11
1648670164823 30.37792205810547 12
1648670176765 30.308515548706055 13
1648670188728 30.269994735717773 14
1648670200693 30.209182739257812 15
1648670212638 30.155759811401367 16
1648670224608 30.064260482788086 17
1648670236561 30.008955001831055 18
1648670248522 29.93539047241211 19
