1648670384159 0.7172964811325073 0
1648670512791 0.7781448364257812 1
1648670641329 0.7877576351165771 2
1648670769966 0.7925806045532227 3
1648670898660 0.7928779125213623 4
1648671027307 0.7989230751991272 5
1648671155960 0.7985597252845764 6
1648671284596 0.8007729649543762 7
1648671413239 0.8020613193511963 8
1648671541774 0.8054968118667603 9
1648671670452 0.8084698915481567 10
1648671799089 0.8098903298377991 11
1648671927691 0.8117732405662537 12
1648672056305 0.8127642869949341 13
1648672184919 0.8182809352874756 14
1648672313440 0.8201308250427246 15
1648672442059 0.8263081312179565 16
1648672570559 0.8278607130050659 17
1648672699269 0.8324854373931885 18
1648672827834 0.8394225835800171 19
