1648670384159 0.7602354288101196 0
1648670512791 0.5677255988121033 1
1648670641329 0.5415430068969727 2
1648670769966 0.5271792411804199 3
1648670898660 0.5204062461853027 4
1648671027307 0.5056018829345703 5
1648671155960 0.5022523403167725 6
1648671284596 0.4997687041759491 7
1648671413239 0.4951539635658264 8
1648671541774 0.482936292886734 9
1648671670452 0.4750330448150635 10
1648671799089 0.4696234166622162 11
1648671927691 0.4638805389404297 12
1648672056305 0.45726367831230164 13
1648672184919 0.4477183520793915 14
1648672313440 0.44341036677360535 15
1648672442059 0.4271324872970581 16
1648672570559 0.4205124080181122 17
1648672699269 0.41137295961380005 18
1648672827834 0.3962354362010956 19
