1648660729325 0.049411021173000336 0
1648660754091 0.03602772206068039 1
1648660778887 0.03398311883211136 2
1648660803617 0.0315079465508461 3
1648660828448 0.029764331877231598 4
1648660853239 0.02907014638185501 5
1648660878011 0.028727121651172638 6
1648660902738 0.02758311852812767 7
1648660927487 0.027460496872663498 8
1648660952261 0.027280913665890694 9
1648660977361 0.026794929057359695 10
1648661002108 0.026514096185564995 11
1648661026857 0.02576443739235401 12
1648661051635 0.02576277405023575 13
1648661076410 0.02545849233865738 14
1648661101184 0.02547212317585945 15
1648661125925 0.02512742206454277 16
1648661150678 0.02465658448636532 17
1648661175446 0.02486710622906685 18
1648661200167 0.0248238705098629 19
