1648660729325 0.006047893315553665 0
1648660754091 0.0031593558378517628 1
1648660778887 0.0028458754532039165 2
1648660803617 0.0025089741684496403 3
1648660828448 0.002302480163052678 4
1648660853239 0.002221047645434737 5
1648660878011 0.0021595358848571777 6
1648660902738 0.002060830593109131 7
1648660927487 0.0020449336152523756 8
1648660952261 0.002030733972787857 9
1648660977361 0.001975886756554246 10
1648661002108 0.0019449384417384863 11
1648661026857 0.0018677562475204468 12
1648661051635 0.0018615255830809474 13
1648661076410 0.0018017342081293464 14
1648661101184 0.0017882268875837326 15
1648661125925 0.0017362649086862803 16
1648661150678 0.0016953825252130628 17
1648661175446 0.0016892591957002878 18
1648661200167 0.0016347573837265372 19
