1648939716130 0.047418348491191864 0
1648939730127 0.04397685453295708 1
1648939744122 0.04256986081600189 2
1648939758129 0.044133368879556656 3
1648939772145 0.0432455874979496 4
1648939786121 0.043243277817964554 5
1648939800111 0.04284132272005081 6
1648939814113 0.04098109155893326 7
1648939828087 0.04071332886815071 8
1648939842066 0.039042022079229355 9
1648939856060 0.0394807830452919 10
1648939870059 0.03816433623433113 11
1648939884013 0.037284061312675476 12
1648939897995 0.037268202751874924 13
1648939911989 0.03635459765791893 14
1648939925993 0.036080874502658844 15
1648939939983 0.0360594280064106 16
1648939953944 0.03592773154377937 17
1648939967917 0.035487353801727295 18
1648939981916 0.035351429134607315 19
