1648939716130 0.045177046209573746 0
1648939730127 0.0796835720539093 1
1648939744122 0.05194052681326866 2
1648939758129 0.23987922072410583 3
1648939772145 0.1996717005968094 4
1648939786121 0.21561795473098755 5
1648939800111 0.22417594492435455 6
1648939814113 0.10834867507219315 7
1648939828087 0.1172017827630043 8
1648939842066 0.04234428331255913 9
1648939856060 0.08242800086736679 10
1648939870059 0.03606915846467018 11
1648939884013 0.02255230024456978 12
1648939897995 0.027499785646796227 13
1648939911989 0.00825110450387001 14
1648939925993 0.010034185834228992 15
1648939939983 0.018860477954149246 16
1648939953944 0.012994471937417984 17
1648939967917 0.007536399178206921 18
1648939981916 0.010575899854302406 19
