1648952097782 0.19997577369213104 0
1648952105485 0.2630814015865326 1
1648952113191 0.27301356196403503 2
1648952120895 0.3005087077617645 3
1648952128616 0.3219476640224457 4
1648952136340 0.3336966931819916 5
1648952144073 0.35089632868766785 6
1648952151782 0.35198643803596497 7
1648952159502 0.36688467860221863 8
1648952167228 0.3812984526157379 9
1648952174961 0.3919573724269867 10
1648952182681 0.3974079489707947 11
1648952190394 0.3957121968269348 12
1648952198119 0.40673449635505676 13
1648952205836 0.41727229952812195 14
1648952213571 0.42017924785614014 15
1648952221284 0.42877906560897827 16
1648952228983 0.4281734526157379 17
1648952236695 0.4384689927101135 18
1648952244426 0.4360465109348297 19
