1648952097782 2.615969181060791 0
1648952105485 2.3298637866973877 1
1648952113191 2.276144504547119 2
1648952120895 2.189906597137451 3
1648952128616 2.1024882793426514 4
1648952136340 2.0499930381774902 5
1648952144073 2.00925612449646 6
1648952151782 1.9765411615371704 7
1648952159502 1.9373254776000977 8
1648952167228 1.892615795135498 9
1648952174961 1.8524569272994995 10
1648952182681 1.822841763496399 11
1648952190394 1.8126553297042847 12
1648952198119 1.7782950401306152 13
1648952205836 1.762869954109192 14
1648952213571 1.7416980266571045 15
1648952221284 1.7215477228164673 16
1648952228983 1.7107986211776733 17
1648952236695 1.7011915445327759 18
1648952244426 1.6894527673721313 19
