1648675687714 0.7046445608139038 0
1648675701935 0.7246630191802979 1
1648675716142 0.7327232956886292 2
1648675730360 0.7390657663345337 3
1648675744619 0.7450448870658875 4
1648675758863 0.7542943954467773 5
1648675773124 0.7597119212150574 6
1648675787405 0.761925220489502 7
1648675801649 0.7653607130050659 8
1648675815886 0.7663847804069519 9
1648675830122 0.7683007121086121 10
1648675844362 0.7688623070716858 11
1648675858616 0.768366813659668 12
1648675872840 0.7697212100028992 13
1648675887107 0.7710755467414856 14
1648675901378 0.7701506018638611 15
1648675915617 0.7719674706459045 16
1648675929820 0.7729915380477905 17
1648675944028 0.7717692852020264 18
1648675958239 0.7727272510528564 19
