1648675687714 0.9131078720092773 0
1648675701935 0.8023223876953125 1
1648675716142 0.7562768459320068 2
1648675730360 0.6984781622886658 3
1648675744619 0.6680689454078674 4
1648675758863 0.6352955102920532 5
1648675773124 0.6273227334022522 6
1648675787405 0.6159722208976746 7
1648675801649 0.6109382510185242 8
1648675815886 0.6074341535568237 9
1648675830122 0.6040843725204468 10
1648675844362 0.6024848222732544 11
1648675858616 0.6007002592086792 12
1648675872840 0.5991548895835876 13
1648675887107 0.6005054712295532 14
1648675901378 0.5971292853355408 15
1648675915617 0.5961995720863342 16
1648675929820 0.5948737263679504 17
1648675944028 0.5940579175949097 18
1648675958239 0.5934711694717407 19
