1648937720930 0.8155694007873535 0
1648937779682 0.09441923350095749 1
1648937838588 0.051435574889183044 2
1648937897676 0.04689575359225273 3
1648937957215 0.04346705973148346 4
1648938016768 0.0416874922811985 5
1648938076483 0.0412973091006279 6
1648938135775 0.03945070877671242 7
1648938199830 0.037802353501319885 8
1648938261261 0.03725681081414223 9
1648938322611 0.03627701848745346 10
1648938386533 0.03545713052153587 11
1648938450906 0.03507096692919731 12
1648938515783 0.034675147384405136 13
1648938580744 0.03408787027001381 14
1648938645651 0.03383210673928261 15
1648938710488 0.03317604959011078 16
1648938775264 0.03359463810920715 17
1648938839963 0.03355751559138298 18
1648938905027 0.03248543292284012 19
