1648937720930 17.8998966217041 0
1648937779682 0.07278615981340408 1
1648937838588 0.008827893994748592 2
1648937897676 0.010482905432581902 3
1648937957215 0.005395360291004181 4
1648938016768 0.005119245499372482 5
1648938076483 0.00734333973377943 6
1648938135775 0.004871021956205368 7
1648938199830 0.004594987258315086 8
1648938261261 0.004664603620767593 9
1648938322611 0.004390005487948656 10
1648938386533 0.004235303495079279 11
1648938450906 0.004215281922370195 12
1648938515783 0.00429479219019413 13
1648938580744 0.004108090419322252 14
1648938645651 0.0040847258642315865 15
1648938710488 0.00399443507194519 16
1648938775264 0.00415151147171855 17
1648938839963 0.003992695827037096 18
1648938905027 0.0039700730703771114 19
