1648952770309 0.18810561299324036 0
1648952774169 0.2162064015865326 1
1648952778035 0.2172965109348297 2
1648952781901 0.21669089794158936 3
1648952785770 0.2163275182247162 4
1648952789633 0.21669089794158936 5
1648952793497 0.21778100728988647 6
1648952797353 0.2199612408876419 7
1648952801217 0.22214147448539734 8
1648952805067 0.2265019416809082 9
1648952808926 0.23207364976406097 10
1648952812777 0.23267926275730133 11
1648952816634 0.23776647448539734 12
1648952820505 0.23800872266292572 13
1648952824368 0.23873546719551086 14
1648952828228 0.2433381825685501 15
1648952832096 0.24539728462696075 16
1648952835956 0.2433381825685501 17
1648952839817 0.2446705400943756 18
1648952843676 0.2474564015865326 19
