1648952770309 2.729816198348999 0
1648952774169 2.4917550086975098 1
1648952778035 2.4719393253326416 2
1648952781901 2.4635138511657715 3
1648952785770 2.4546303749084473 4
1648952789633 2.443101406097412 5
1648952793497 2.4359090328216553 6
1648952797353 2.4250574111938477 7
1648952801217 2.4240732192993164 8
1648952805067 2.4237451553344727 9
1648952808926 2.4276952743530273 10
1648952812777 2.4327335357666016 11
1648952816634 2.4275310039520264 12
1648952820505 2.4320976734161377 13
1648952824368 2.4300968647003174 14
1648952828228 2.429375648498535 15
1648952832096 2.42692232131958 16
1648952835956 2.422028064727783 17
1648952839817 2.4196701049804688 18
1648952843676 2.4218595027923584 19
