1648666981759 25.645832061767578 0
1648667011682 23.20112419128418 1
1648667041552 22.334732055664062 2
1648667071367 21.780563354492188 3
1648667101140 21.557565689086914 4
1648667130929 21.358726501464844 5
1648667160738 21.08380699157715 6
1648667190488 20.919960021972656 7
1648667220225 20.890796661376953 8
1648667249970 20.70888328552246 9
1648667279703 20.655155181884766 10
1648667309368 20.538442611694336 11
1648667339050 20.426332473754883 12
1648667368723 20.355369567871094 13
1648667398318 20.347110748291016 14
1648667427921 20.183246612548828 15
1648667457432 20.12522315979004 16
1648667486924 20.0898494720459 17
1648667516384 20.04013442993164 18
1648667545833 19.858287811279297 19
