1648666981759 487359.75 0
1648667011682 486319.53125 1
1648667041552 486105.125 2
1648667071367 485933.46875 3
1648667101140 485895.6875 4
1648667130929 486095.125 5
1648667160738 485815.15625 6
1648667190488 485718.71875 7
1648667220225 485530.28125 8
1648667249970 485826.5 9
1648667279703 485678.6875 10
1648667309368 485439.4375 11
1648667339050 485130.1875 12
1648667368723 485902.5 13
1648667398318 485257.5625 14
1648667427921 485710.75 15
1648667457432 485694.375 16
1648667486924 483851.46875 17
1648667516384 485051.03125 18
1648667545833 485131.84375 19
