1648940009318 0.07253873348236084 0
1648940022438 0.06683306396007538 1
1648940035583 0.062485843896865845 2
1648940048697 0.06076889857649803 3
1648940061822 0.05941064655780792 4
1648940074896 0.05738260596990585 5
1648940088011 0.05520722270011902 6
1648940101094 0.05523622781038284 7
1648940114153 0.05468286946415901 8
1648940127249 0.05386633053421974 9
1648940140386 0.05308166891336441 10
1648940153498 0.05265922471880913 11
1648940166604 0.053779467940330505 12
1648940179727 0.05465250834822655 13
1648940192822 0.05371928587555885 14
1648940205927 0.053698886185884476 15
1648940219047 0.053346190601587296 16
1648940232153 0.052421387284994125 17
1648940245265 0.05239836499094963 18
1648940258341 0.05323951691389084 19
