1648940009318 1.8273420333862305 0
1648940022438 1.9387953281402588 1
1648940035583 1.5220109224319458 2
1648940048697 1.1708705425262451 3
1648940061822 0.6922942996025085 4
1648940074896 0.454049676656723 5
1648940088011 0.14534743130207062 6
1648940101094 0.1368425339460373 7
1648940114153 0.09309005737304688 8
1648940127249 0.0573500357568264 9
1648940140386 0.02305583283305168 10
1648940153498 0.016131818294525146 11
1648940166604 0.08116033673286438 12
1648940179727 0.1273016482591629 13
1648940192822 0.0940013900399208 14
1648940205927 0.10366204380989075 15
1648940219047 0.054452378302812576 16
1648940232153 0.024441085755825043 17
1648940245265 0.028468314558267593 18
1648940258341 0.07554009556770325 19
