1648946533435 0.7204017043113708 0
1648946656224 0.7789376378059387 1
1648946779009 0.7904664278030396 2
1648946901771 0.797007143497467 3
1648947024608 0.7995507121086121 4
1648947147363 0.7998810410499573 5
1648947270122 0.8018300533294678 6
1648947392813 0.8029201626777649 7
1648947515545 0.8045058250427246 8
1648947638307 0.808734118938446 9
1648947761013 0.808800220489502 10
1648947883783 0.8118062615394592 11
1648948006531 0.8146141767501831 12
1648948129288 0.817223846912384 13
1648948252011 0.8187103271484375 14
1648948374799 0.82237708568573 15
1648948497679 0.8251519203186035 16
1648948620473 0.8302391767501831 17
1648948743402 0.8343684077262878 18
1648948866291 0.835260272026062 19
