1648946533435 0.7584423422813416 0
1648946656224 0.5693997740745544 1
1648946779009 0.5338801741600037 2
1648946901771 0.5152721405029297 3
1648947024608 0.506808340549469 4
1648947147363 0.5030519962310791 5
1648947270122 0.49692782759666443 6
1648947392813 0.49240842461586 7
1648947515545 0.4899556040763855 8
1648947638307 0.4799509048461914 9
1648947761013 0.47627484798431396 10
1648947883783 0.4677119851112366 11
1648948006531 0.4632021486759186 12
1648948129288 0.4552534520626068 13
1648948252011 0.4539834260940552 14
1648948374799 0.4410642683506012 15
1648948497679 0.4346320331096649 16
1648948620473 0.4245069921016693 17
1648948743402 0.4142898917198181 18
1648948866291 0.4095274806022644 19
